[
    {
        "commandName": "Clear DB",
        "timings": [
            897
        ]
    },
    {
        "commandName": "Bulk upload users",
        "timings": [
            54
        ]
    },
    {
        "commandName": "Bulk upload streams",
        "timings": [
            1428
        ]
    },
    {
        "commandName": "Login",
        "timings": [
            20351
        ]
    },
    {
        "commandName": "Upload single photo",
        "timings": [
            3071,
            2534,
            2123,
            2710,
            1716,
            3260,
            3722,
            4611,
            3656,
            4274,
            4270,
            6170,
            6010,
            5498,
            5624,
            5537,
            7034,
            7289,
            8261,
            7261,
            7749,
            9818,
            8484,
            8486,
            9284,
            9287,
            9796,
            9809,
            10832,
            10820,
            11844,
            11923,
            11846,
            12375,
            12378,
            14198,
            14253,
            14360,
            14325,
            14951,
            16040,
            16654,
            17583,
            16723,
            16718,
            17586,
            19269,
            19828,
            19213,
            19725
        ]
    },
    {
        "commandName": "Feed request",
        "timings": [
            19947,
            19983,
            19998,
            19989,
            19968,
            19937,
            19952,
            19923,
            19915,
            19956,
            19953,
            20002,
            20021,
            20050,
            19994,
            20035,
            20034,
            20079,
            20026,
            20042,
            20065,
            20079,
            20071,
            20106,
            20092,
            20092,
            20107,
            20129,
            20133,
            20133,
            20196,
            20189,
            20105,
            20161,
            20133,
            20196,
            20196,
            20195,
            20216,
            20230,
            20225,
            20230,
            20230,
            20247,
            20265,
            20264,
            20280,
            20272,
            20266,
            20280
        ]
    }
]